9.698598712306694125e+00
7.158464554644057287e+00
1.175789491134873721e+01
7.314573719500656601e+00
1.761568210174345239e+01
6.241181607364274520e+00
7.646409873378297917e+00
8.112627472724197375e+00
8.751231244216613803e+00
6.350614242876457816e+00
5.437054981874537951e+00
6.744303614705768446e+00
8.242352567001237418e+00
9.514135772619139786e+00
9.068363387968522815e+00
9.595921352465772713e+00
8.698362201865561971e+00
1.246907128747575300e+01
9.109239298813603725e+00
9.515963442173070774e+00
7.469058041802772330e+00
1.112827815825415634e+01
8.381535326815427567e+00
6.986946912471254656e+00
6.064975711487101684e+00
5.826719108183866958e+00
1.479588929657729146e+01
6.119772263991700711e+00
1.411359309712712928e+01
5.405863167028655880e+00
9.766721746734146947e+00
7.960310779565189954e+00
7.636336545299402978e+00
1.116013220178600385e+01
1.040673564676820284e+01
1.257674241682891214e+01
8.412013175216562999e+00
6.819057446812900380e+00
1.024026603047308370e+01
5.732379687386601752e+00
4.686721295695682521e+00
1.254325040194234475e+01
6.619843421017113094e+00
8.744314363806248380e+00
1.509286518077020922e+01
1.030654951199043801e+01
1.007554767742063717e+01
7.436790308561786134e+00
8.163990596673059486e+00
1.191463674918028381e+01
7.633523924640451597e+00
9.092484057728126956e+00
9.997677885304469214e+00
6.383815517969776643e+00
1.352263797148062530e+01
7.663764724524046557e+00
6.855552738817454639e+00
1.022068364620080239e+01
9.575474062647636231e+00
9.911361111994111184e+00
7.275769792579826145e+00
7.944337673838183456e+00
1.395882118877517897e+01
6.579081770752376990e+00
1.624011873679880580e+01
6.476311200171184446e+00
8.433670150445559344e+00
5.678193609991624591e+00
1.308765765674726467e+01
8.392770418459180704e+00
5.727053988012138497e+00
1.417629342554755745e+01
7.920199929457566235e+00
1.042743942639184773e+01
1.309083806674617634e+01
1.371285720101246142e+01
5.908726756057293805e+00
1.220362610046018226e+01
7.025879986193038995e+00
7.015223864401406217e+00
1.089353296323920972e+01
1.105762648250915881e+01
1.493288031958599049e+01
4.908007360050092416e+00
4.900859023843452178e+00
7.907705018692523957e+00
1.987123136906048515e+01
4.034304389901681276e+00
1.574856248123228220e+01
9.183352483270581956e+00
6.068132296955229599e+00
7.014939597851433284e+00
7.700444776426402349e+00
5.916879368607605549e+00
1.500362997312454638e+01
7.355645251442924248e+00
9.160150435159968296e+00
9.062064097549651365e+00
8.826447428880204171e+00
1.539692991290404223e+01
9.938590659152611195e+00
1.771811697109358974e+01
1.105518876663508543e+01
1.215504556183953788e+01
9.244808744634092079e+00
4.306153593463059259e+00
8.838805152431001844e+00
6.844077997623123188e+00
8.593560711129917706e+00
1.027055289952976480e+01
7.997557727490104185e+00
1.007603242736674964e+01
6.300129851442616946e+00
9.911548069359973567e+00
1.330299474778713709e+01
1.761321096533755082e+01
1.372636708990158816e+01
1.204862787626948162e+01
7.758664869870404601e+00
9.857461239756228011e+00
9.151704156548252200e+00
1.106049439196151951e+01
6.016033855584463907e+00
8.902776255382272907e+00
6.140768256433055683e+00
1.290584489869472229e+01
1.239950626553783586e+01
1.366151798969443298e+01
9.133012256693096020e+00
7.483077126792527345e+00
5.131651403192210026e+00
6.231253582622568565e+00
6.009650198789800335e+00
1.483748120659268643e+01
9.504677486785322316e+00
1.275617130313173497e+01
1.680695285956180030e+01
7.099912967430945798e+00
1.025573572298466729e+01
1.213462951442884297e+01
1.348118442925276383e+01
1.039499153780110596e+01
1.453254845173701604e+01
1.052489849485662532e+01
1.769969439366608555e+01
9.419057334571116158e+00
1.531381135797365012e+01
1.213352520500937004e+01
5.413643409526190275e+00
8.871050929856700407e+00
8.414697114526429544e+00
9.023550866954968441e+00
1.507175152319808298e+01
1.249817057811601906e+01
1.201412425922758764e+01
6.840914120101104778e+00
7.603591561626267925e+00
7.977482541212680189e+00
4.939336522157502962e+00
5.305271875177443697e+00
4.709525098881937488e+00
9.161953765992366883e+00
9.050607106195393214e+00
8.140183849092615276e+00
7.419400567618532172e+00
1.147974803840129177e+01
1.475598738643353514e+01
7.800501279268803323e+00
1.118350245681306987e+01
1.078819006755255216e+01
1.537761280473221603e+01
1.001692449882862945e+01
5.328271852852125789e+00
1.149893235087290755e+01
1.585827960346240317e+01
5.945963584475715713e+00
1.660098698504759085e+01
1.283781953359076233e+01
6.143854558110550812e+00
9.221417622696325367e+00
1.492044779807526922e+01
1.398326710136714368e+01
1.026585701142664675e+01
6.652741611163681235e+00
9.983120476296289070e+00
8.796517732784309374e+00
9.073338182780362970e+00
8.455600613351043293e+00
7.897145559225552169e+00
5.371600973720522809e+00
1.029935710441194097e+01
1.367711612421103951e+01
6.883018892176504977e+00
5.888517129395664185e+00
6.600118898068191520e+00
6.953771410076890369e+00
1.234498898061892369e+01
1.143458823664123436e+01
1.137470063205069160e+01
1.283615077882120481e+01
5.644855669561845701e+00
4.332027927075991158e+00
5.714751526632718459e+00
8.872186469693600586e+00
9.026680922590378131e+00
6.826637052549804352e+00
9.973865951563919197e+00
7.050036018701358209e+00
7.623834045271619786e+00
6.805118509262058524e+00
1.034726561679228674e+01
5.826470401156238488e+00
6.848020240052741237e+00
7.774448294331300247e+00
4.988534952758348240e+00
8.993534107965986735e+00
4.971869264341975736e+00
8.447856138222407552e+00
5.229320526418931081e+00
6.647688255119369671e+00
9.242878877833636153e+00
1.418435964034385321e+01
1.225168015056456916e+01
8.441982219911871255e+00
7.540370784084301725e+00
1.109120030883015851e+01
1.149091522303636026e+01
8.285774679981930291e+00
6.306858277180041661e+00
1.095771716763001713e+01
8.712670981561466022e+00
6.477878852457667591e+00
1.121410986916824726e+01
1.188257674251191176e+01
5.687058888833301573e+00
8.547754468027081387e+00
6.025468241309555495e+00
1.101461629054848146e+01
1.009452979874900258e+01
1.891052424419993017e+01
9.386265885631186023e+00
6.422488298212847724e+00
9.817413509665527727e+00
8.853318811098034757e+00
1.087386431459191627e+01
1.111045222552433565e+01
9.036270597205710686e+00
6.751891052538822713e+00
1.191543510745314727e+01
9.626482299239908613e+00
